hello mr 1111111111111104
04
08
08
16
016
032
032
064
064
128
0128
0256
0256
0512
0512
1024
01024
02048
02048
04096
04096
08192
08192
16384
016384
032768
032768
065536
065536
131072
0131072
0262144
0262144
0524288
0524288
1048576
01048576
02097152
02097152
04194304
04194304
08388608
08388608
16777216
016777216
033554432
033554432
067108864
067108864
134217728
0134217728
0268435456
0268435456
0536870912
0536870912
1073741824
01073741824
02147483648
02147483648
04294967296
04294967296
08589934592
08589934592
17179869184
017179869184
034359738368
034359738368

exponent: 16383
pre_call: 2$ , 2$
---> 4 (1,1)[0]
pre_call: 4$ , 2$
---> 8 (1,1)[0]
pre_call: 8$ , 2$
---> 6 (1,1)[0]
pre_call: 16$ , 2$
---> 2 (2,1)[1]
---> 3 (2,1)[0]
pre_call: 32$ , 2$
---> 4 (2,1)[1]
---> 6 (2,1)[0]
pre_call: 64$ , 2$
---> 8 (2,1)[1]
---> 2 (2,1)[0]
pre_call: 128$ , 2$
---> 6 (3,1)[2]
---> 5 (3,1)[1]
---> 2 (3,1)[0]
pre_call: 256$ , 2$
---> 2 (3,1)[2]
---> 1 (3,1)[1]
---> 5 (3,1)[0]
pre_call: 512$ , 2$
---> 4 (3,1)[2]
---> 2 (3,1)[1]
---> 0 (3,1)[0]
pre_call: 1024$ , 2$
---> 8 (4,1)[3]
---> 4 (4,1)[2]
---> 0 (4,1)[1]
---> 2 (4,1)[0]
pre_call: 2048$ , 2$
---> 6 (4,1)[3]
---> 9 (4,1)[2]
---> 0 (4,1)[1]
---> 4 (4,1)[0]
pre_call: 4096$ , 2$
---> 2 (4,1)[3]
---> 9 (4,1)[2]
---> 1 (4,1)[1]
---> 8 (4,1)[0]
pre_call: 8192$ , 2$
---> 4 (4,1)[3]
---> 8 (4,1)[2]
---> 3 (4,1)[1]
---> 6 (4,1)[0]
pre_call: 16384$ , 2$
---> 8 (5,1)[4]
---> 6 (5,1)[3]
---> 7 (5,1)[2]
---> 2 (5,1)[1]
---> 3 (5,1)[0]
pre_call: 32768$ , 2$
---> 6 (5,1)[4]
---> 3 (5,1)[3]
---> 5 (5,1)[2]
---> 5 (5,1)[1]
---> 6 (5,1)[0]
pre_call: 65536$ , 2$
---> 2 (5,1)[4]
---> 7 (5,1)[3]
---> 0 (5,1)[2]
---> 1 (5,1)[1]
---> 3 (5,1)[0]
pre_call: 131072$ , 2$
---> 4 (6,1)[5]
---> 4 (6,1)[4]
---> 1 (6,1)[3]
---> 2 (6,1)[2]
---> 6 (6,1)[1]
---> 2 (6,1)[0]
pre_call: 262144$ , 2$
---> 8 (6,1)[5]
---> 8 (6,1)[4]
---> 2 (6,1)[3]
---> 4 (6,1)[2]
---> 2 (6,1)[1]
---> 5 (6,1)[0]
pre_call: 524288$ , 2$
---> 6 (6,1)[5]
---> 7 (6,1)[4]
---> 5 (6,1)[3]
---> 8 (6,1)[2]
---> 4 (6,1)[1]
---> 0 (6,1)[0]
pre_call: 1048576$ , 2$
---> 2 (7,1)[6]
---> 5 (7,1)[5]
---> 1 (7,1)[4]
---> 7 (7,1)[3]
---> 9 (7,1)[2]
---> 0 (7,1)[1]
---> 2 (7,1)[0]
pre_call: 2097152$ , 2$
---> 4 (7,1)[6]
---> 0 (7,1)[5]
---> 3 (7,1)[4]
---> 4 (7,1)[3]
---> 9 (7,1)[2]
---> 1 (7,1)[1]
---> 4 (7,1)[0]
pre_call: 4194304$ , 2$
---> 8 (7,1)[6]
---> 0 (7,1)[5]
---> 6 (7,1)[4]
---> 8 (7,1)[3]
---> 8 (7,1)[2]
---> 3 (7,1)[1]
---> 8 (7,1)[0]
pre_call: 8388608$ , 2$
---> 6 (7,1)[6]
---> 1 (7,1)[5]
---> 2 (7,1)[4]
---> 7 (7,1)[3]
---> 7 (7,1)[2]
---> 7 (7,1)[1]
---> 6 (7,1)[0]
pre_call: 16777216$ , 2$
---> 2 (8,1)[7]
---> 3 (8,1)[6]
---> 4 (8,1)[5]
---> 4 (8,1)[4]
---> 5 (8,1)[3]
---> 5 (8,1)[2]
---> 3 (8,1)[1]
---> 3 (8,1)[0]
pre_call: 33554432$ , 2$
---> 4 (8,1)[7]
---> 6 (8,1)[6]
---> 8 (8,1)[5]
---> 8 (8,1)[4]
---> 0 (8,1)[3]
---> 1 (8,1)[2]
---> 7 (8,1)[1]
---> 6 (8,1)[0]
pre_call: 67108864$ , 2$
---> 8 (8,1)[7]
---> 2 (8,1)[6]
---> 7 (8,1)[5]
---> 7 (8,1)[4]
---> 1 (8,1)[3]
---> 2 (8,1)[2]
---> 4 (8,1)[1]
---> 3 (8,1)[0]
pre_call: 134217728$ , 2$
---> 6 (9,1)[8]
---> 5 (9,1)[7]
---> 4 (9,1)[6]
---> 5 (9,1)[5]
---> 3 (9,1)[4]
---> 4 (9,1)[3]
---> 8 (9,1)[2]
---> 6 (9,1)[1]
---> 2 (9,1)[0]
pre_call: 268435456$ , 2$
---> 2 (9,1)[8]
---> 1 (9,1)[7]
---> 9 (9,1)[6]
---> 0 (9,1)[5]
---> 7 (9,1)[4]
---> 8 (9,1)[3]
---> 6 (9,1)[2]
---> 3 (9,1)[1]
---> 5 (9,1)[0]
pre_call: 536870912$ , 2$
---> 4 (9,1)[8]
---> 2 (9,1)[7]
---> 8 (9,1)[6]
---> 1 (9,1)[5]
---> 4 (9,1)[4]
---> 7 (9,1)[3]
---> 3 (9,1)[2]
---> 7 (9,1)[1]
---> 0 (9,1)[0]
pre_call: 1073741824$ , 2$
---> 8 (10,1)[9]
---> 4 (10,1)[8]
---> 6 (10,1)[7]
---> 3 (10,1)[6]
---> 8 (10,1)[5]
---> 4 (10,1)[4]
---> 7 (10,1)[3]
---> 4 (10,1)[2]
---> 1 (10,1)[1]
---> 2 (10,1)[0]
pre_call: 2147483648$ , 2$
---> 6 (10,1)[9]
---> 9 (10,1)[8]
---> 2 (10,1)[7]
---> 7 (10,1)[6]
---> 6 (10,1)[5]
---> 9 (10,1)[4]
---> 4 (10,1)[3]
---> 9 (10,1)[2]
---> 2 (10,1)[1]
---> 4 (10,1)[0]
pre_call: 4294967296$ , 2$
---> 2 (10,1)[9]
---> 9 (10,1)[8]
---> 5 (10,1)[7]
---> 4 (10,1)[6]
---> 3 (10,1)[5]
---> 9 (10,1)[4]
---> 9 (10,1)[3]
---> 8 (10,1)[2]
---> 5 (10,1)[1]
---> 8 (10,1)[0]
pre_call: 8589934592$ , 2$
---> 4 (10,1)[9]
---> 8 (10,1)[8]
---> 1 (10,1)[7]
---> 9 (10,1)[6]
---> 6 (10,1)[5]
---> 8 (10,1)[4]
---> 9 (10,1)[3]
---> 7 (10,1)[2]
---> 1 (10,1)[1]
---> 7 (10,1)[0]
pre_call: 17179869184$ , 2$
---> 8 (11,1)[10]
---> 6 (11,1)[9]
---> 3 (11,1)[8]
---> 8 (11,1)[7]
---> 3 (11,1)[6]
---> 7 (11,1)[5]
---> 9 (11,1)[4]
---> 5 (11,1)[3]
---> 3 (11,1)[2]
---> 4 (11,1)[1]
---> 3 (11,1)[0]
pre_call: 34359738368$ , 2$
---> 6 (11,1)[10]
---> 3 (11,1)[9]
---> 7 (11,1)[8]
---> 6 (11,1)[7]
---068719476736
068719476736
137438953472
0137438953472
0274877906944
0274877906944
0549755813888
0549755813888
1099511627776
01099511627776
02199023255552
02199023255552
04398046511104
04398046511104
08796093022208
08796093022208
17592186044416
017592186044416
035184372088832
035184372088832
070368744177664
070368744177664
140737488355328
0140737488355328
0281474976710656
0281474976710656
0562949953421312
0562949953421312
1125899906842624
01125899906842624
02251799813685248
02251799813685248
> 7 (11,1)[6]
---> 4 (11,1)[5]
---> 9 (11,1)[4]
---> 1 (11,1)[3]
---> 7 (11,1)[2]
---> 8 (11,1)[1]
---> 6 (11,1)[0]
pre_call: 68719476736$ , 2$
---> 2 (11,1)[10]
---> 7 (11,1)[9]
---> 4 (11,1)[8]
---> 3 (11,1)[7]
---> 5 (11,1)[6]
---> 9 (11,1)[5]
---> 8 (11,1)[4]
---> 3 (11,1)[3]
---> 4 (11,1)[2]
---> 7 (11,1)[1]
---> 3 (11,1)[0]
pre_call: 137438953472$ , 2$
---> 4 (12,1)[11]
---> 4 (12,1)[10]
---> 9 (12,1)[9]
---> 6 (12,1)[8]
---> 0 (12,1)[7]
---> 9 (12,1)[6]
---> 7 (12,1)[5]
---> 7 (12,1)[4]
---> 8 (12,1)[3]
---> 4 (12,1)[2]
---> 7 (12,1)[1]
---> 2 (12,1)[0]
pre_call: 274877906944$ , 2$
---> 8 (12,1)[11]
---> 8 (12,1)[10]
---> 8 (12,1)[9]
---> 3 (12,1)[8]
---> 1 (12,1)[7]
---> 8 (12,1)[6]
---> 5 (12,1)[5]
---> 5 (12,1)[4]
---> 7 (12,1)[3]
---> 9 (12,1)[2]
---> 4 (12,1)[1]
---> 5 (12,1)[0]
pre_call: 549755813888$ , 2$
---> 6 (12,1)[11]
---> 7 (12,1)[10]
---> 7 (12,1)[9]
---> 7 (12,1)[8]
---> 2 (12,1)[7]
---> 6 (12,1)[6]
---> 1 (12,1)[5]
---> 1 (12,1)[4]
---> 5 (12,1)[3]
---> 9 (12,1)[2]
---> 9 (12,1)[1]
---> 0 (12,1)[0]
pre_call: 1099511627776$ , 2$
---> 2 (13,1)[12]
---> 5 (13,1)[11]
---> 5 (13,1)[10]
---> 5 (13,1)[9]
---> 5 (13,1)[8]
---> 2 (13,1)[7]
---> 3 (13,1)[6]
---> 2 (13,1)[5]
---> 0 (13,1)[4]
---> 9 (13,1)[3]
---> 9 (13,1)[2]
---> 1 (13,1)[1]
---> 2 (13,1)[0]
pre_call: 2199023255552$ , 2$
---> 4 (13,1)[12]
---> 0 (13,1)[11]
---> 1 (13,1)[10]
---> 1 (13,1)[9]
---> 1 (13,1)[8]
---> 5 (13,1)[7]
---> 6 (13,1)[6]
---> 4 (13,1)[5]
---> 0 (13,1)[4]
---> 8 (13,1)[3]
---> 9 (13,1)[2]
---> 3 (13,1)[1]
---> 4 (13,1)[0]
pre_call: 4398046511104$ , 2$
---> 8 (13,1)[12]
---> 0 (13,1)[11]
---> 2 (13,1)[10]
---> 2 (13,1)[9]
---> 2 (13,1)[8]
---> 0 (13,1)[7]
---> 3 (13,1)[6]
---> 9 (13,1)[5]
---> 0 (13,1)[4]
---> 6 (13,1)[3]
---> 9 (13,1)[2]
---> 7 (13,1)[1]
---> 8 (13,1)[0]
pre_call: 8796093022208$ , 2$
---> 6 (13,1)[12]
---> 1 (13,1)[11]
---> 4 (13,1)[10]
---> 4 (13,1)[9]
---> 4 (13,1)[8]
---> 0 (13,1)[7]
---> 6 (13,1)[6]
---> 8 (13,1)[5]
---> 1 (13,1)[4]
---> 2 (13,1)[3]
---> 9 (13,1)[2]
---> 5 (13,1)[1]
---> 7 (13,1)[0]
pre_call: 17592186044416$ , 2$
---> 2 (14,1)[13]
---> 3 (14,1)[12]
---> 8 (14,1)[11]
---> 8 (14,1)[10]
---> 8 (14,1)[9]
---> 0 (14,1)[8]
---> 2 (14,1)[7]
---> 7 (14,1)[6]
---> 3 (14,1)[5]
---> 4 (14,1)[4]
---> 8 (14,1)[3]
---> 1 (14,1)[2]
---> 5 (14,1)[1]
---> 3 (14,1)[0]
pre_call: 35184372088832$ , 2$
---> 4 (14,1)[13]
---> 6 (14,1)[12]
---> 6 (14,1)[11]
---> 7 (14,1)[10]
---> 7 (14,1)[9]
---> 1 (14,1)[8]
---> 4 (14,1)[7]
---> 4 (14,1)[6]
---> 7 (14,1)[5]
---> 8 (14,1)[4]
---> 6 (14,1)[3]
---> 3 (14,1)[2]
---> 0 (14,1)[1]
---> 7 (14,1)[0]
pre_call: 70368744177664$ , 2$
---> 8 (14,1)[13]
---> 2 (14,1)[12]
---> 3 (14,1)[11]
---> 5 (14,1)[10]
---> 5 (14,1)[9]
---> 3 (14,1)[8]
---> 8 (14,1)[7]
---> 8 (14,1)[6]
---> 4 (14,1)[5]
---> 7 (14,1)[4]
---> 3 (14,1)[3]
---> 7 (14,1)[2]
---> 0 (14,1)[1]
---> 4 (14,1)[0]
pre_call: 1407374883553280$ , 2$
---> 6 (15,1)[14]
---> 5 (15,1)[13]
---> 6 (15,1)[12]
---> 0 (15,1)[11]
---> 1 (15,1)[10]
---> 7 (15,1)[9]
---> 6 (15,1)[8]
---> 7 (15,1)[7]
---> 9 (15,1)[6]
---> 4 (15,1)[5]
---> 7 (15,1)[4]
---> 4 (15,1)[3]
---> 1 (15,1)[2]
---> 8 (15,1)[1]
---> 2 (15,1)[0]
pre_call: 281474976710656$ , 2$
---> 2 (15,1)[14]
---> 1 (15,1)[13]
---> 3 (15,1)[12]
---> 1 (15,1)[11]
---> 2 (15,1)[10]
---> 4 (15,1)[9]
---> 3 (15,1)[8]
---> 5 (15,1)[7]
---> 9 (15,1)[6]
---> 9 (15,1)[5]
---> 4 (15,1)[4]
---> 9 (15,1)[3]
---> 2 (15,1)[2]
---> 6 (15,1)[1]
---> 5 (15,1)[0]
pre_call: 562949953421312$ , 2$
---> 4 (15,1)[14]
---> 2 (15,1)[13]
---> 6 (15,1)[12]
---> 2 (15,1)[11]
---> 4 (15,1)[10]
---> 8 (15,1)[9]
---> 6 (15,1)[8]
---> 0 (15,1)[7]
---> 9 (15,1)[6]
---> 9 (15,1)[5]
---> 9 (15,1)[4]
---> 8 (15,1)[3]
---> 5 (15,1)[2]
---> 2 (15,1)[1]
---> 1 (15,1)[0]
pre_call: 1125899906842624$ , 2$
---> 8 (16,1)[15]
---> 4 (16,1)[14]
---> 2 (16,1)[13]
---> 5 (16,1)[12]
---> 8 (16,1)[11]
---> 6 (16,1)[10]
---> 3 (16,1)[9]
---> 1 (16,1)[8]
---> 8 (16,1)[7]
---> 9 (16,1)[6]
---> 9 (16,1)[5]
---> 7 (16,1)[4]
---> 1 (16,1)[3]
---> 5 (16,1)[2]
---> 2 (16,1)[1]
---> 2 (16,1)[0]
pre_call: 2251799813685248$ , 2$
---04503599627370496
04503599627370496
09007199254740992
09007199254740992
18014398509481984
018014398509481984
036028797018963968
036028797018963968
072057594037927936
072057594037927936
144115188075855872
0144115188075855872
0288230376151711744
0288230376151711744
0576460752303423488
0576460752303423488
1152921504606846976
01152921504606846976
02305843009213693952
02305843009213693952
04611686018427387904
04611686018427387904
09223372036854775808
09223372036854775808
 9
> 6 (16,1)[15]
---> 9 (16,1)[14]
---> 4 (16,1)[13]
---> 0 (16,1)[12]
---> 7 (16,1)[11]
---> 3 (16,1)[10]
---> 7 (16,1)[9]
---> 2 (16,1)[8]
---> 6 (16,1)[7]
---> 9 (16,1)[6]
---> 9 (16,1)[5]
---> 5 (16,1)[4]
---> 3 (16,1)[3]
---> 0 (16,1)[2]
---> 5 (16,1)[1]
---> 4 (16,1)[0]
pre_call: 4503599627370496$ , 2$
---> 2 (16,1)[15]
---> 9 (16,1)[14]
---> 9 (16,1)[13]
---> 0 (16,1)[12]
---> 4 (16,1)[11]
---> 7 (16,1)[10]
---> 4 (16,1)[9]
---> 5 (16,1)[8]
---> 2 (16,1)[7]
---> 9 (16,1)[6]
---> 9 (16,1)[5]
---> 1 (16,1)[4]
---> 7 (16,1)[3]
---> 0 (16,1)[2]
---> 0 (16,1)[1]
---> 9 (16,1)[0]
pre_call: 9007199254740992$ , 2$
---> 4 (16,1)[15]
---> 8 (16,1)[14]
---> 9 (16,1)[13]
---> 1 (16,1)[12]
---> 8 (16,1)[11]
---> 4 (16,1)[10]
---> 9 (16,1)[9]
---> 0 (16,1)[8]
---> 5 (16,1)[7]
---> 8 (16,1)[6]
---> 9 (16,1)[5]
---> 3 (16,1)[4]
---> 4 (16,1)[3]
---> 1 (16,1)[2]
---> 0 (16,1)[1]
---> 8 (16,1)[0]
pre_call: 18014398509481984$ , 2$
---> 8 (17,1)[16]
---> 6 (17,1)[15]
---> 9 (17,1)[14]
---> 3 (17,1)[13]
---> 6 (17,1)[12]
---> 9 (17,1)[11]
---> 8 (17,1)[10]
---> 1 (17,1)[9]
---> 0 (17,1)[8]
---> 7 (17,1)[7]
---> 9 (17,1)[6]
---> 7 (17,1)[5]
---> 8 (17,1)[4]
---> 2 (17,1)[3]
---> 0 (17,1)[2]
---> 6 (17,1)[1]
---> 3 (17,1)[0]
pre_call: 36028797018963968$ , 2$
---> 6 (17,1)[16]
---> 3 (17,1)[15]
---> 9 (17,1)[14]
---> 7 (17,1)[13]
---> 2 (17,1)[12]
---> 9 (17,1)[11]
---> 7 (17,1)[10]
---> 3 (17,1)[9]
---> 0 (17,1)[8]
---> 4 (17,1)[7]
---> 9 (17,1)[6]
---> 5 (17,1)[5]
---> 7 (17,1)[4]
---> 5 (17,1)[3]
---> 0 (17,1)[2]
---> 2 (17,1)[1]
---> 7 (17,1)[0]
pre_call: 72057594037927936$ , 2$
---> 2 (17,1)[16]
---> 7 (17,1)[15]
---> 8 (17,1)[14]
---> 5 (17,1)[13]
---> 5 (17,1)[12]
---> 8 (17,1)[11]
---> 5 (17,1)[10]
---> 7 (17,1)[9]
---> 0 (17,1)[8]
---> 8 (17,1)[7]
---> 8 (17,1)[6]
---> 1 (17,1)[5]
---> 5 (17,1)[4]
---> 1 (17,1)[3]
---> 1 (17,1)[2]
---> 4 (17,1)[1]
---> 4 (17,1)[0]
pre_call: 144115188075855872$ , 2$
---> 4 (18,1)[17]
---> 4 (18,1)[16]
---> 7 (18,1)[15]
---> 1 (18,1)[14]
---> 1 (18,1)[13]
---> 7 (18,1)[12]
---> 1 (18,1)[11]
---> 5 (18,1)[10]
---> 1 (18,1)[9]
---> 6 (18,1)[8]
---> 7 (18,1)[7]
---> 3 (18,1)[6]
---> 0 (18,1)[5]
---> 3 (18,1)[4]
---> 2 (18,1)[3]
---> 8 (18,1)[2]
---> 8 (18,1)[1]
---> 2 (18,1)[0]
pre_call: 288230376151711744$ , 2$
---> 8 (18,1)[17]
---> 8 (18,1)[16]
---> 4 (18,1)[15]
---> 3 (18,1)[14]
---> 2 (18,1)[13]
---> 4 (18,1)[12]
---> 3 (18,1)[11]
---> 0 (18,1)[10]
---> 3 (18,1)[9]
---> 2 (18,1)[8]
---> 5 (18,1)[7]
---> 7 (18,1)[6]
---> 0 (18,1)[5]
---> 6 (18,1)[4]
---> 4 (18,1)[3]
---> 6 (18,1)[2]
---> 7 (18,1)[1]
---> 5 (18,1)[0]
pre_call: 576460752303423488$ , 2$
---> 6 (18,1)[17]
---> 7 (18,1)[16]
---> 9 (18,1)[15]
---> 6 (18,1)[14]
---> 4 (18,1)[13]
---> 8 (18,1)[12]
---> 6 (18,1)[11]
---> 0 (18,1)[10]
---> 6 (18,1)[9]
---> 4 (18,1)[8]
---> 0 (18,1)[7]
---> 5 (18,1)[6]
---> 1 (18,1)[5]
---> 2 (18,1)[4]
---> 9 (18,1)[3]
---> 2 (18,1)[2]
---> 5 (18,1)[1]
---> 1 (18,1)[0]
pre_call: 1152921504606846976$ , 2$
---> 2 (19,1)[18]
---> 5 (19,1)[17]
---> 9 (19,1)[16]
---> 3 (19,1)[15]
---> 9 (19,1)[14]
---> 6 (19,1)[13]
---> 3 (19,1)[12]
---> 1 (19,1)[11]
---> 2 (19,1)[10]
---> 9 (19,1)[9]
---> 0 (19,1)[8]
---> 0 (19,1)[7]
---> 3 (19,1)[6]
---> 4 (19,1)[5]
---> 8 (19,1)[4]
---> 5 (19,1)[3]
---> 0 (19,1)[2]
---> 3 (19,1)[1]
---> 2 (19,1)[0]
pre_call: 2305843009213693952$ , 2$
---> 4 (19,1)[18]
---> 0 (19,1)[17]
---> 9 (19,1)[16]
---> 7 (19,1)[15]
---> 8 (19,1)[14]
---> 3 (19,1)[13]
---> 7 (19,1)[12]
---> 2 (19,1)[11]
---> 4 (19,1)[10]
---> 8 (19,1)[9]
---> 1 (19,1)[8]
---> 0 (19,1)[7]
---> 6 (19,1)[6]
---> 8 (19,1)[5]
---> 6 (19,1)[4]
---> 1 (19,1)[3]
---> 1 (19,1)[2]
---> 6 (19,1)[1]
---> 4 (19,1)[0]
pre_call: 4611686018427387904$ , 2$
---> 8 (19,1)[18]
---> 0 (19,1)[17]
---> 8 (19,1)[16]
---> 5 (19,1)[15]
---> 7 (19,1)[14]
---> 7 (19,1)[13]
---> 4 (19,1)[12]
---> 5 (19,1)[11]
---> 8 (19,1)[10]
---> 6 (19,1)[9]
---> 3 (19,1)[8]
---> 0 (19,1)[7]
---> 2 (19,1)[6]
---> 7 (19,1)[5]
---> 3 (19,1)[4]
---> 3 (19,1)[3]
---> 2 (19,1)[2]
---> 2 (19,1)[1]
---> 9 (19,1)[0]
res: 18
calc: 09223372036854775808
hello mr 1.500000  17
